Merrick: 00:00:04.8333430
Merrick: 00:00:42.7500855
Merrick: 00:00:45.0500901
Colleen: 00:00:48.1167629
Merrick: 00:00:52.2001044
